data_dateId,data_confirmedCount,data_confirmedIncr,data_curedCount,data_curedIncr,data_currentConfirmedCount,data_currentConfirmedIncr,data_deadCount,data_deadIncr,data_suspectedCount,data_suspectedCountIncr,message,success,successAndNotNull
20200119,217,217,25,25,188,188,4,4,0,0,,TRUE,TRUE
20200120,291,74,25,0,260,72,6,2,0,0,,,
20200121,440,149,25,0,406,146,9,3,0,0,,,
20200122,571,131,28,3,526,120,17,8,0,0,,,
20200123,835,264,34,6,776,250,25,8,0,0,,,
20200124,1297,462,38,4,1218,442,41,16,0,0,,,
20200125,1985,688,49,11,1880,662,56,15,0,0,,,
20200126,2762,777,51,2,2631,751,80,24,0,0,,,
20200127,4535,1773,60,9,4369,1738,106,26,0,0,,,
20200128,5999,1464,103,43,5764,1395,132,26,0,0,,,
20200129,7736,1737,124,21,7442,1678,170,38,0,0,,,
20200130,9720,1984,171,47,9336,1894,213,43,0,0,,,
20200131,11821,2101,243,72,11319,1983,259,46,0,0,,,
20200201,14411,2590,328,85,13779,2460,304,45,0,0,,,
20200202,17238,2827,475,147,16402,2623,361,57,0,0,,,
20200203,20471,3233,632,157,19414,3012,425,64,0,0,,,
20200204,24363,3892,892,260,22980,3566,491,66,0,0,,,
20200205,28060,3697,1153,261,26343,3363,564,73,0,0,,,
20200206,31211,3151,1542,389,29032,2689,637,73,0,0,,,
20200207,34598,3387,2052,510,31823,2791,723,86,0,0,,,
20200208,37251,2653,2651,599,33788,1965,812,89,0,0,,,
20200209,40174,2923,3283,632,35982,2194,909,97,0,0,,,
20200210,42641,2467,3998,715,37626,1644,1017,108,0,0,,,
20200211,44656,2015,4742,744,38800,1174,1114,97,0,0,,,
20200212,60921,16265,5915,1173,53638,14838,1368,254,0,0,,,
20200213,63932,3011,6728,813,55823,2185,1381,13,0,0,,,
20200214,66576,2644,8101,1373,56951,1128,1524,143,0,0,,,
20200215,68584,2008,9425,1324,57493,542,1666,142,0,0,,,
20200216,70635,2051,10853,1428,58010,517,1772,106,0,0,,,
20200217,72528,1893,12561,1708,58097,87,1870,98,0,0,,,
20200218,74279,1751,14387,1826,57886,-211,2006,136,0,0,,,
20200219,75101,822,16170,1783,56810,-1076,2121,115,0,0,,,
20200220,75993,892,18279,2109,55475,-1335,2239,118,0,0,,,
20200221,76392,399,20673,2394,53371,-2104,2348,109,0,0,,,
20200222,77041,649,22907,2234,51689,-1682,2445,97,0,0,,,
20200223,77262,221,24757,1850,49910,-1779,2595,150,0,0,,,
20200224,77779,517,27353,2596,47760,-2150,2666,71,0,0,,,
20200225,78190,411,29775,2422,45697,-2063,2718,52,0,0,,,
20200226,78630,440,32531,2756,43352,-2345,2747,29,0,0,,,
20200227,78959,329,36157,3626,40011,-3341,2791,44,0,0,,,
20200228,79389,430,39049,2892,37502,-2509,2838,47,0,0,,,
20200229,79968,579,41675,2626,35420,-2082,2873,35,0,0,,,
20200301,80174,206,44518,2843,32741,-2679,2915,42,0,0,,,
20200302,80302,128,47260,2742,30096,-2645,2946,31,0,0,,,
20200303,80422,120,49914,2654,27524,-2572,2984,38,0,0,,,
20200304,80565,143,52109,2195,25441,-2083,3015,31,20,20,,,
20200305,80710,145,53793,1684,23872,-1569,3045,30,36,16,,,
20200306,80813,103,55477,1684,22263,-1609,3073,28,60,24,,,
20200307,80859,46,57143,1666,20616,-1647,3100,27,63,3,,,
20200308,80904,45,58684,1541,19097,-1519,3123,23,67,4,,,
20200309,80924,20,59982,1298,17802,-1295,3140,17,69,2,,,
20200310,80955,31,61567,1585,16226,-1576,3162,22,79,10,,,
20200311,80980,25,62887,1320,14920,-1306,3173,11,85,6,,,
20200312,81003,23,64216,1329,13607,-1313,3180,7,88,3,,,
20200313,81021,18,65649,1433,12178,-1429,3194,14,95,7,,,
20200314,81048,27,67022,1373,10822,-1356,3204,10,111,16,,,
20200315,81077,29,67863,841,9996,-826,3218,14,123,12,,,
20200316,81116,39,68799,936,9086,-910,3231,13,143,20,,,
20200317,81151,35,69725,926,8184,-902,3242,11,155,12,,,
20200318,81235,84,70547,822,7438,-746,3250,8,189,34,,,
20200319,81300,65,71284,737,6763,-675,3253,3,228,39,,,
20200320,81416,116,71876,592,6279,-484,3261,8,269,41,,,
20200321,81498,82,72382,506,5849,-430,3267,6,314,45,,,
20200322,81600,102,72841,459,5483,-366,3276,9,353,39,,,
20200323,81747,147,73299,458,5165,-318,3283,7,427,74,,,
20200324,81847,100,73791,492,4769,-396,3287,4,474,47,,,
20200325,81960,113,74196,405,4471,-298,3293,6,541,67,,,
20200326,82078,118,74737,541,4043,-428,3298,5,595,54,,,
20200327,82213,135,75122,385,3790,-253,3301,3,649,54,,,
20200328,82341,128,75600,478,3435,-355,3306,5,693,44,,,
20200329,82447,106,75937,337,3199,-236,3311,5,723,30,,,
20200330,82545,98,76225,288,3006,-193,3314,3,771,48,,,
20200331,82631,86,76415,190,2895,-111,3321,7,806,35,,,
20200401,82724,93,76610,195,2787,-108,3327,6,841,35,,,
20200402,82802,78,76785,175,2686,-101,3331,4,870,29,,,
20200403,82875,73,76984,199,2556,-130,3335,4,888,18,,,
20200404,82930,55,77210,226,2382,-174,3338,3,913,25,,,
20200405,83005,75,77348,138,2317,-65,3340,2,951,38,,,
20200406,83071,66,77450,102,2281,-36,3340,0,983,32,,,
20200407,83157,86,77586,136,2229,-52,3342,2,1042,59,,,
20200408,83249,92,77711,125,2194,-35,3344,2,1103,61,,,
20200409,83305,56,77838,127,2122,-72,3345,1,1141,38,,,
20200410,83369,64,77935,97,2085,-37,3349,4,1183,42,,,
20200411,83482,113,78020,85,2113,28,3349,0,1280,97,,,
20200412,83597,115,78145,125,2101,-12,3351,2,1378,98,,,
20200413,83696,99,78262,117,2083,-18,3351,0,1464,86,,,
20200414,83745,49,78389,127,2004,-79,3352,1,1500,36,,,
20200415,83797,52,78504,115,1941,-63,3352,0,1534,34,1534,,
